640
240
27
2792
5
5
5
5
2792
5
5
5
5
2792
5
5
5
5
2792
5
5
5
5
2792
5
5
5
5
2792
5
5
5
5
2792
5
5
5
5
2792
5
5
5
5
2792
5
5
5
5
2792
5
5
5
5
2792
5
5
5
5
2792
5
5
5
5
2792
5
5
5
5
2792
5
5
5
5
2792
5
5
5
5
2792
5
5
5
5
2792
5
5
5
5
2792
5
5
5
5
2792
5
5
5
5
2792
5
5
5
5
2792
5
5
5
5
2792
5
5
5
5
2792
5
5
5
5
2792
5
5
5
5
2792
5
5
5
5
2792
5
5
5
5
2792
5
5
5
5
2792
5
5
5
5
2792
5
5
5
5
2792
5
5
5
5
2792
5
5
5
5
2792
5
5
5
5
2746
5
5
5
5
2748
5
5
5
5
2748
5
5
5
5
2748
5
5
5
5
2748
5
5
5
5
2766
5
5
5
5
2767
5
5
5
5
2748
5
5
5
5
2748
5
5
5
5
2748
5
5
5
5
2748
5
5
5
5
2748
5
5
5
5
2754
5
5
5
5
2792
5
5
5
5
2792
5
5
5
5
2747
5
5
5
5
2749
5
5
5
20
2760
5
20
5
20
2760
5
20
5
20
2760
5
20
5
20
2760
5
20
5
20
2760
5
20
5
20
2760
5
20
5
20
2760
5
20
5
20
2760
5
20
5
20
2760
5
20
5
20
2753
5
20
5
5
2755
5
5
5
5
2792
5
5
5
5
2792
5
5
5
5
2747
5
5
5
5
2758
5
5
20
20
2745
20
20
20
20
2745
20
20
20
20
2745
20
20
20
20
2745
20
20
20
20
2745
20
20
20
20
2745
20
20
20
20
2745
20
20
20
20
2745
20
20
20
20
2745
20
20
20
20
2759
20
20
5
5
2755
5
5
5
5
2792
5
5
5
5
2792
5
5
5
5
2819
5
5
5
5
2822
5
5
5
5
2745
20
20
20
20
2745
20
20
20
20
2745
20
20
20
20
2745
20
20
20
20
2745
20
20
20
20
2745
20
20
20
20
2745
20
20
20
20
2745
20
20
20
20
2745
20
20
20
20
2780
20
20
5
5
2783
5
5
5
5
2792
5
5
5
5
2792
5
5
5
5
2820
5
5
5
5
2823
5
5
5
5
2745
20
20
20
20
2745
20
20
20
20
2745
20
20
20
20
2745
20
20
20
20
2745
20
20
20
20
2745
20
20
20
20
2745
20
20
20
20
2745
20
20
20
20
2745
20
20
20
20
2781
20
20
5
5
2784
5
5
5
5
2792
5
5
5
5
2792
5
5
5
5
2821
5
5
5
5
2824
5
5
5
5
2745
20
20
20
20
2745
20
20
20
20
2745
20
20
20
20
2745
20
20
20
20
2805
16
16
16
16
2808
16
16
16
16
2745
20
20
20
20
2745
20
20
20
20
2745
20
20
20
20
2782
20
20
5
5
2785
5
5
5
5
2792
5
5
5
5
2792
5
5
5
5
2747
5
5
5
5
2758
5
5
20
20
2745
20
20
20
20
2745
20
20
20
20
2745
20
20
20
20
2836
16
16
16
16
2806
16
16
16
16
2809
16
16
16
16
2836
16
16
16
16
2745
20
20
20
20
2745
20
20
20
20
2759
20
20
5
5
2755
5
5
5
5
2792
5
5
5
5
2792
5
5
5
5
2819
5
5
5
5
2822
5
5
5
5
2745
20
20
20
20
2745
20
20
20
20
2745
20
20
20
20
2745
20
20
20
20
2807
16
16
16
16
2810
16
16
16
16
2745
20
20
20
20
2745
20
20
20
20
2745
20
20
20
20
2799
20
20
5
20
2801
5
20
5
20
2792
5
5
5
5
2792
5
5
5
5
2820
5
5
5
5
2823
5
5
5
5
2745
20
20
20
20
2745
20
20
20
20
2745
20
20
20
20
2745
20
20
20
20
2745
20
20
20
20
2745
20
20
20
20
2745
20
20
20
20
2745
20
20
20
20
2745
20
20
20
20
2800
20
20
20
5
2802
20
5
20
5
2792
5
5
5
5
2792
5
5
5
5
2821
5
5
5
5
2824
5
5
5
5
2745
20
20
20
20
2745
20
20
20
20
2745
20
20
20
20
2745
20
20
20
20
2745
20
20
20
20
2745
20
20
20
20
2745
20
20
20
20
2745
20
20
20
20
2745
20
20
20
20
2759
20
20
5
5
2755
5
5
5
5
2792
5
5
5
5
2792
5
5
5
5
2747
5
5
5
5
2758
5
5
20
20
2745
20
20
20
20
2745
20
20
20
20
2745
20
20
20
20
2745
20
20
20
20
2745
20
20
20
20
2745
20
20
20
20
2745
20
20
20
20
2745
20
20
20
20
2745
20
20
20
20
2759
20
20
5
5
2755
5
5
5
5
2792
5
5
5
5
2792
5
5
5
5
2819
5
5
5
5
2822
5
5
5
5
2745
20
20
20
20
2745
20
20
20
20
2805
16
16
16
16
2817
16
16
20
20
2745
20
20
20
20
2745
20
20
20
20
2745
20
20
20
20
2745
20
20
20
20
2745
20
20
20
20
2759
20
20
5
5
2755
5
5
5
5
2792
5
5
5
5
2792
5
5
5
5
2820
5
5
5
5
2823
5
5
5
5
2745
20
20
20
20
2745
20
20
20
20
2807
16
16
16
16
2818
16
16
20
20
2745
20
20
20
20
2745
20
20
20
20
2745
20
20
20
20
2745
20
20
20
20
2745
20
20
20
20
2759
20
20
5
5
2755
5
5
5
5
2792
5
5
5
5
2792
5
5
5
5
2821
5
5
5
5
2824
5
5
5
5
2745
20
20
20
20
2745
20
20
20
20
2745
20
20
20
20
2745
20
20
20
20
2745
20
20
20
20
2745
20
20
20
20
2745
20
20
20
20
2745
20
20
20
20
2745
20
20
20
20
2759
20
20
5
5
2755
5
5
5
5
2792
5
5
5
5
2792
5
5
5
5
2747
5
5
5
5
2758
5
5
20
20
2745
20
20
20
20
2745
20
20
20
20
2745
20
20
20
20
2745
20
20
20
20
2745
20
20
20
20
2745
20
20
20
20
2745
20
20
20
20
2745
20
20
20
20
2745
20
20
20
20
2759
20
20
5
5
2755
5
5
5
5
2792
5
5
5
5
2792
5
5
5
5
2762
5
5
5
5
2758
5
5
20
20
2745
20
20
20
20
2745
20
20
20
20
2745
20
20
20
20
2745
20
20
20
20
2745
20
20
20
20
2745
20
20
20
20
2745
20
20
20
20
2745
20
20
20
20
2745
20
20
20
20
2759
20
20
5
5
2764
5
5
5
5
2792
5
5
5
5
2792
5
5
5
5
2763
5
5
5
5
2758
5
5
20
20
2745
20
20
20
20
2745
20
20
20
20
2745
20
20
20
20
2745
20
20
20
20
2745
20
20
20
20
2745
20
20
20
20
2745
20
20
20
20
2745
20
20
20
20
2745
20
20
20
20
2759
20
20
5
5
2765
5
5
5
5
2792
5
5
5
5
2792
5
5
5
5
2747
5
5
5
5
2811
5
5
5
5
2813
5
5
5
5
2815
5
5
5
5
2745
20
20
20
20
2745
20
20
20
20
2745
20
20
20
20
2745
20
20
20
20
2745
20
20
20
20
2745
20
20
20
20
2745
20
20
20
20
2759
20
20
5
5
2755
5
5
5
5
2792
5
5
5
5
2792
5
5
5
5
2747
5
5
5
5
2812
5
5
5
5
2814
5
5
5
5
2816
5
5
5
5
2745
20
20
20
20
2745
20
20
20
20
2745
20
20
20
20
2745
20
20
20
20
2745
20
20
20
20
2745
20
20
20
20
2745
20
20
20
20
2759
20
20
5
5
2755
5
5
5
5
2792
5
5
5
5
2792
5
5
5
5
2762
5
5
5
5
2758
5
5
20
20
2745
20
20
20
20
2745
20
20
20
20
2745
20
20
20
20
2745
20
20
20
20
603
21
21
21
21
606
21
21
21
21
606
21
21
21
21
609
21
21
21
21
2745
20
20
20
20
2759
20
20
5
5
2764
5
5
5
5
2792
5
5
5
5
2792
5
5
5
5
2763
5
5
5
5
2758
5
5
20
20
2745
20
20
20
20
2745
20
20
20
20
2745
20
20
20
20
2745
20
20
20
20
604
21
21
21
21
607
21
21
21
21
607
21
21
21
21
610
21
21
21
21
2745
20
20
20
20
2759
20
20
5
5
2765
5
5
5
5
2792
5
5
5
5
2792
5
5
5
5
2747
5
5
5
5
2758
5
5
20
20
2745
20
20
20
20
2745
20
20
20
20
2745
20
20
20
20
2745
20
20
20
20
604
21
21
21
21
607
21
21
21
21
607
21
21
21
21
610
21
21
21
21
2745
20
20
20
20
2759
20
20
5
5
2755
5
5
5
5
2792
5
5
5
5
2792
5
5
5
5
2747
5
5
5
5
2758
5
5
20
20
2745
20
20
20
20
2745
20
20
20
20
2745
20
20
20
20
2745
20
20
20
20
604
21
21
21
21
607
21
21
21
21
607
21
21
21
21
610
21
21
21
21
2745
20
20
20
20
2759
20
20
5
5
2755
5
5
5
5
2792
5
5
5
5
2792
5
5
5
5
2770
5
5
5
5
2773
5
5
5
5
2745
20
20
20
20
2745
20
20
20
20
2745
20
20
20
20
2745
20
20
20
20
604
21
21
21
21
607
21
21
21
21
607
21
21
21
21
610
21
21
21
21
2745
20
20
20
20
2759
20
20
5
5
2755
5
5
5
5
2792
5
5
5
5
2792
5
5
5
5
2771
5
5
5
5
2774
5
5
5
5
2745
20
20
20
20
2745
20
20
20
20
2745
20
20
20
20
2745
20
20
20
20
604
21
21
21
21
607
21
21
21
21
607
21
21
21
21
610
21
21
21
21
2745
20
20
20
20
2759
20
20
5
5
2755
5
5
5
5
2792
5
5
5
5
2792
5
5
5
5
2772
5
5
5
5
2775
5
5
5
5
2745
20
20
20
20
2745
20
20
20
20
2745
20
20
20
20
2745
20
20
20
20
604
21
21
21
21
607
21
21
21
21
607
21
21
21
21
610
21
21
21
21
2745
20
20
20
20
2759
20
20
5
5
2755
5
5
5
5
2792
5
5
5
5
2792
5
5
5
5
2747
5
5
5
5
2758
5
5
20
20
2745
20
20
20
20
2745
20
20
20
20
2745
20
20
20
20
2745
20
20
20
20
605
21
21
21
21
608
21
21
21
21
608
21
21
21
21
611
21
21
21
21
2745
20
20
20
20
2759
20
20
5
5
2755
5
5
5
5
2792
5
5
5
5
2792
5
5
5
5
2770
5
5
5
5
2773
5
5
5
5
2745
20
20
20
20
2745
20
20
20
20
2745
20
20
20
20
2745
20
20
20
20
2745
20
20
20
20
2745
20
20
20
20
2745
20
20
20
20
2745
20
20
20
20
2745
20
20
20
20
2799
20
20
5
20
2801
5
20
5
20
2792
5
5
5
5
2792
5
5
5
5
2771
5
5
5
5
2774
5
5
5
5
2745
20
20
20
20
2825
20
20
5
5
2828
5
5
5
5
2745
20
20
20
20
2745
20
20
20
20
2745
20
20
20
20
2745
20
20
20
20
2745
20
20
20
20
2745
20
20
20
20
2800
20
20
20
5
2802
20
5
20
5
2792
5
5
5
5
2792
5
5
5
5
2772
5
5
5
5
2775
5
5
5
5
2745
20
20
20
20
2826
20
20
5
5
2829
5
5
5
5
2745
20
20
20
20
2745
20
20
20
20
2805
16
16
16
16
2808
16
16
16
16
2745
20
20
20
20
2745
20
20
20
20
2759
20
20
5
5
2755
5
5
5
5
2792
5
5
5
5
2792
5
5
5
5
2747
5
5
5
5
2758
5
5
20
20
2745
20
20
20
20
2827
20
20
5
5
2830
5
5
5
5
2745
20
20
20
20
2745
20
20
20
20
2806
16
16
16
16
2809
16
16
16
16
2836
16
16
16
16
2745
20
20
20
20
2780
20
20
5
5
2783
5
5
5
5
2792
5
5
5
5
2792
5
5
5
5
2776
5
5
5
5
2778
5
5
5
5
2745
20
20
20
20
2825
20
20
5
5
2828
5
5
5
5
2745
20
20
20
20
2836
16
16
16
16
2807
16
16
16
16
2810
16
16
16
16
2745
20
20
20
20
2745
20
20
20
20
2781
20
20
5
5
2784
5
5
5
5
2792
5
5
5
5
2792
5
5
5
5
2777
5
5
5
5
2779
5
5
5
5
2745
20
20
20
20
2826
20
20
5
5
2829
5
5
5
5
2745
20
20
20
20
2745
20
20
20
20
2745
20
20
20
20
2745
20
20
20
20
2745
20
20
20
20
2745
20
20
20
20
2782
20
20
5
5
2785
5
5
5
5
2792
5
5
5
5
2792
5
5
5
5
2747
5
5
5
5
2758
5
5
20
20
2745
20
20
20
20
2827
20
20
5
5
2830
5
5
5
5
2745
20
20
20
20
2745
20
20
20
20
2745
20
20
20
20
2745
20
20
20
20
2745
20
20
20
20
2745
20
20
20
20
2759
20
20
5
5
2755
5
5
5
5
2792
5
5
5
5
2792
5
5
5
5
2747
5
5
5
5
2751
5
5
20
5
2761
20
5
20
5
2761
20
5
20
5
2761
20
5
20
5
2761
20
5
20
5
2761
20
5
20
5
2761
20
5
20
5
2761
20
5
20
5
2761
20
5
20
5
2761
20
5
20
5
2756
20
5
5
5
2755
5
5
5
5
2792
5
5
5
5
2792
5
5
5
5
2750
5
5
5
5
2752
5
5
5
5
2752
5
5
5
5
2752
5
5
5
5
2752
5
5
5
5
2768
5
5
5
5
2769
5
5
5
5
2752
5
5
5
5
2752
5
5
5
5
2752
5
5
5
5
2752
5
5
5
5
2752
5
5
5
5
2757
5
5
5
5
2792
5
5
5
5
2792
5
5
5
5
2792
5
5
5
5
2792
5
5
5
5
2792
5
5
5
5
2792
5
5
5
5
2792
5
5
5
5
2792
5
5
5
5
2792
5
5
5
5
2792
5
5
5
5
2792
5
5
5
5
2792
5
5
5
5
2792
5
5
5
5
2792
5
5
5
5
2792
5
5
5
5
2792
5
5
5
5
2792
5
5
5
5
2792
5
5
5
5
2792
5
5
5
5
2792
5
5
5
5
2792
5
5
5
5
2792
5
5
5
5
2792
5
5
5
5
2792
5
5
5
5
2792
5
5
5
5
2792
5
5
5
5
2792
5
5
5
5
2792
5
5
5
5
2792
5
5
5
5
2792
5
5
5
5
4
9
14
2803
10
14
2804
29
14
2803
30
14
2804
