320
240
1
2033
5
5
5
5
2033
5
5
5
5
2033
5
5
5
5
2033
5
5
5
5
2033
5
5
5
5
2033
5
5
5
5
2033
5
5
5
5
2033
5
5
5
5
2033
5
5
5
5
2033
5
5
5
5
2033
5
5
5
5
2033
5
5
5
5
2033
5
5
5
5
2033
5
5
5
5
2033
5
5
5
5
2033
5
5
5
5
2033
5
5
5
5
2033
5
5
5
5
2033
5
5
5
5
2033
5
5
5
5
2033
5
5
5
5
2033
5
5
5
5
2033
5
5
5
5
2033
5
5
5
5
2033
5
5
5
5
2033
5
5
5
5
2033
5
5
5
5
2033
5
5
5
5
2033
5
5
5
5
2033
5
5
5
5
2033
5
5
5
5
2033
5
5
5
5
2042
5
5
5
5
2038
5
5
5
5
2038
5
5
5
5
2038
5
5
5
5
2038
5
5
5
5
2038
5
5
5
5
2038
5
5
5
5
2038
5
5
5
5
2038
5
5
5
5
2038
5
5
5
5
2047
5
5
5
5
2033
5
5
5
5
2033
5
5
5
5
2033
5
5
5
5
2033
5
5
5
5
2034
5
5
5
5
2043
5
5
5
2
2039
5
2
5
2
2039
5
2
5
2
2039
5
2
5
2
2039
5
2
5
2
2039
5
2
5
2
2039
5
2
5
2
2039
5
2
5
2
2046
5
2
5
5
2037
5
5
5
5
2033
5
5
5
5
2033
5
5
5
5
2033
5
5
5
5
2033
5
5
5
5
2034
5
5
5
5
2035
5
5
2
2
1415
5
5
5
5
282
2
2
2
2
282
2
2
2
2
282
2
2
2
2
282
2
2
2
2
282
2
2
2
2
282
2
2
2
2
2036
2
2
5
5
2052
5
5
5
5
2038
5
5
5
5
2047
5
5
5
5
2033
5
5
5
5
2033
5
5
5
5
2034
5
5
5
5
2035
5
5
2
2
282
2
2
2
2
282
2
2
2
2
282
2
2
2
2
282
2
2
2
2
282
2
2
2
2
282
2
2
2
2
282
2
2
2
2
2053
2
2
5
2
2039
5
2
5
2
2046
5
2
5
5
2037
5
5
5
5
2033
5
5
5
5
2033
5
5
5
5
2034
5
5
5
5
2035
5
5
2
2
282
2
2
2
2
282
2
2
2
2
282
2
2
2
2
282
2
2
2
2
282
2
2
2
2
282
2
2
2
2
282
2
2
2
2
282
2
2
2
2
282
2
2
2
2
2036
2
2
5
5
2037
5
5
5
5
2033
5
5
5
5
2033
5
5
5
5
2034
5
5
5
5
2035
5
5
2
2
1421
7
7
7
7
1424
7
7
7
7
1424
7
7
7
7
1427
7
7
7
7
282
2
2
2
2
282
2
2
2
2
282
2
2
2
2
282
2
2
2
2
282
2
2
2
2
2036
2
2
5
5
2037
5
5
5
5
2033
5
5
5
5
2033
5
5
5
5
2034
5
5
5
5
2035
5
5
2
2
1422
7
7
7
7
1425
7
7
7
7
1425
7
7
7
7
1428
7
7
7
7
282
2
2
2
2
282
2
2
2
2
282
2
2
2
2
282
2
2
2
2
282
2
2
2
2
2036
2
2
5
5
2037
5
5
5
5
2033
5
5
5
5
2033
5
5
5
5
2034
5
5
5
5
2035
5
5
2
2
1422
7
7
7
7
1425
7
7
7
7
1425
7
7
7
7
1428
7
7
7
7
282
2
2
2
2
282
2
2
2
2
282
2
2
2
2
282
2
2
2
2
282
2
2
2
2
2086
2
2
5
2
2088
5
2
5
2
2033
5
5
5
5
2033
5
5
5
5
2034
5
5
5
5
2035
5
5
2
2
1422
7
7
7
7
1425
7
7
7
7
1425
7
7
7
7
1428
7
7
7
7
282
2
2
2
2
282
2
2
2
2
282
2
2
2
2
282
2
2
2
2
282
2
2
2
2
2087
2
2
2
5
2089
2
5
2
5
2033
5
5
5
5
2033
5
5
5
5
2034
5
5
5
5
2035
5
5
2
2
1422
7
7
7
7
1425
7
7
7
7
1425
7
7
7
7
1428
7
7
7
7
282
2
2
2
2
282
2
2
2
2
282
2
2
2
2
282
2
2
2
2
282
2
2
2
2
2036
2
2
5
5
2037
5
5
5
5
2033
5
5
5
5
2033
5
5
5
5
2034
5
5
5
5
2035
5
5
2
2
1423
7
7
7
7
1426
7
7
7
7
1426
7
7
7
7
1429
7
7
7
7
282
2
2
2
2
282
2
2
2
2
282
2
2
2
2
282
2
2
2
2
282
2
2
2
2
2036
2
2
5
5
2037
5
5
5
5
2033
5
5
5
5
2033
5
5
5
5
2034
5
5
5
5
2035
5
5
2
2
282
2
2
2
2
282
2
2
2
2
282
2
2
2
2
282
2
2
2
2
282
2
2
2
2
282
2
2
2
2
282
2
2
2
2
282
2
2
2
2
282
2
2
2
2
2036
2
2
5
5
2037
5
5
5
5
2033
5
5
5
5
2033
5
5
5
5
2034
5
5
5
5
2035
5
5
2
2
282
2
2
2
2
282
2
2
2
2
282
2
2
2
2
282
2
2
2
2
282
2
2
2
2
282
2
2
2
2
282
2
2
2
2
2050
2
2
2
5
2040
2
5
2
5
2048
2
5
5
5
2037
5
5
5
5
2033
5
5
5
5
2033
5
5
5
5
2034
5
5
5
5
2035
5
5
2
2
1415
5
5
5
5
282
2
2
2
2
282
2
2
2
2
282
2
2
2
2
282
2
2
2
2
282
2
2
2
2
282
2
2
2
2
2036
2
2
5
5
2051
5
5
5
5
2041
5
5
5
5
2049
5
5
5
5
2033
5
5
5
5
2033
5
5
5
5
2034
5
5
5
5
2045
5
5
2
5
2040
2
5
2
5
2040
2
5
2
5
2040
2
5
2
5
2040
2
5
2
5
2040
2
5
2
5
2040
2
5
2
5
2040
2
5
2
5
2048
2
5
5
5
2037
5
5
5
5
2033
5
5
5
5
2033
5
5
5
5
2033
5
5
5
5
2033
5
5
5
5
2044
5
5
5
5
2041
5
5
5
5
2041
5
5
5
5
2041
5
5
5
5
2041
5
5
5
5
2041
5
5
5
5
2041
5
5
5
5
2041
5
5
5
5
2041
5
5
5
5
2041
5
5
5
5
2049
5
5
5
5
2033
5
5
5
5
2033
5
5
5
5
2033
5
5
5
5
2033
5
5
5
5
2033
5
5
5
5
2033
5
5
5
5
2033
5
5
5
5
2033
5
5
5
5
2033
5
5
5
5
2033
5
5
5
5
2033
5
5
5
5
2033
5
5
5
5
2033
5
5
5
5
2033
5
5
5
5
2033
5
5
5
5
2033
5
5
5
5
2033
5
5
5
5
2033
5
5
5
5
2033
5
5
5
5
2033
5
5
5
5
2033
5
5
5
5
2033
5
5
5
5
2033
5
5
5
5
2033
5
5
5
5
2033
5
5
5
5
2033
5
5
5
5
2033
5
5
5
5
2033
5
5
5
5
2033
5
5
5
5
2033
5
5
5
5
2033
5
5
5
5
2033
5
5
5
5
2
9
14
2078
10
14
2079
