320
480
30
2792
5
5
5
5
2792
5
5
5
5
2792
5
5
5
5
2792
5
5
5
5
2792
5
5
5
5
2792
5
5
5
5
2792
5
5
5
5
2792
5
5
5
5
2792
5
5
5
5
2792
5
5
5
5
2792
5
5
5
5
2792
5
5
5
5
2792
5
5
5
5
2792
5
5
5
5
2792
5
5
5
5
2792
5
5
5
5
2792
5
5
5
5
2792
5
5
5
5
2792
5
5
5
5
2792
5
5
5
5
2792
5
5
5
5
2792
5
5
5
5
2792
5
5
5
5
2792
5
5
5
5
2792
5
5
5
5
2792
5
5
5
5
2792
5
5
5
5
2792
5
5
5
5
2792
5
5
5
5
2792
5
5
5
5
2792
5
5
5
5
2792
5
5
5
5
2792
5
5
5
5
2792
5
5
5
5
2792
5
5
5
5
2792
5
5
5
5
2792
5
5
5
5
2792
5
5
5
5
2792
5
5
5
5
2792
5
5
5
5
2792
5
5
5
5
2792
5
5
5
5
2792
5
5
5
5
2792
5
5
5
5
2792
5
5
5
5
2792
5
5
5
5
2792
5
5
5
5
2792
5
5
5
5
2792
5
5
5
5
2792
5
5
5
5
2792
5
5
5
5
2792
5
5
5
5
2792
5
5
5
5
2792
5
5
5
5
2792
5
5
5
5
2792
5
5
5
5
2792
5
5
5
5
2792
5
5
5
5
2792
5
5
5
5
2792
5
5
5
5
2746
5
5
5
5
2748
5
5
5
5
2748
5
5
5
5
2786
5
5
5
5
2788
5
5
5
5
2790
5
5
5
5
2748
5
5
5
5
2766
5
5
5
5
2767
5
5
5
5
2748
5
5
5
5
2786
5
5
5
5
2788
5
5
5
5
2790
5
5
5
5
2748
5
5
5
5
2766
5
5
5
5
2767
5
5
5
5
2748
5
5
5
5
2786
5
5
5
5
2788
5
5
5
5
2790
5
5
5
5
2748
5
5
5
5
2766
5
5
5
5
2767
5
5
5
5
2748
5
5
5
5
2786
5
5
5
5
2788
5
5
5
5
2790
5
5
5
5
2748
5
5
5
5
2748
5
5
5
5
2754
5
5
5
5
2747
5
5
5
5
2749
5
5
5
20
2760
5
20
5
20
2787
5
20
5
20
2789
5
20
5
20
2791
5
20
5
20
2760
5
20
5
20
2760
5
20
5
20
2760
5
20
5
20
2760
5
20
5
20
2787
5
20
5
20
2789
5
20
5
20
2791
5
20
5
20
2760
5
20
5
20
2760
5
20
5
20
2760
5
20
5
20
2760
5
20
5
20
2787
5
20
5
20
2789
5
20
5
20
2791
5
20
5
20
2760
5
20
5
20
2760
5
20
5
20
2760
5
20
5
20
2760
5
20
5
20
2787
5
20
5
20
2789
5
20
5
20
2791
5
20
5
20
2760
5
20
5
20
2753
5
20
5
5
2755
5
5
5
5
2747
5
5
5
5
2758
5
5
20
20
2745
20
20
20
20
2745
20
20
20
20
2745
20
20
20
20
2833
20
20
5
5
2831
5
5
5
5
2745
20
20
20
20
2745
20
20
20
20
2745
20
20
20
20
2745
20
20
20
20
2745
20
20
20
20
2745
20
20
20
20
2745
20
20
20
20
2745
20
20
20
20
2745
20
20
20
20
2745
20
20
20
20
2745
20
20
20
20
2745
20
20
20
20
2745
20
20
20
20
2745
20
20
20
20
2745
20
20
20
20
2745
20
20
20
20
2745
20
20
20
20
2745
20
20
20
20
2745
20
20
20
20
2745
20
20
20
20
2745
20
20
20
20
2759
20
20
5
5
2755
5
5
5
5
2770
5
5
5
5
2773
5
5
5
5
2745
20
20
20
20
2745
20
20
20
20
2745
20
20
20
20
2834
20
20
5
5
2837
5
5
5
5
2836
16
16
16
16
2745
20
20
20
20
2745
20
20
20
20
2745
20
20
20
20
2745
20
20
20
20
2805
16
16
16
16
2808
16
16
16
16
2745
20
20
20
20
2745
20
20
20
20
2745
20
20
20
20
2745
20
20
20
20
2805
16
16
16
16
2808
16
16
16
16
2836
16
16
16
16
2745
20
20
20
20
2745
20
20
20
20
2745
20
20
20
20
2745
20
20
20
20
2745
20
20
20
20
2745
20
20
20
20
2745
20
20
20
20
2780
20
20
5
5
2783
5
5
5
5
2771
5
5
5
5
2774
5
5
5
5
2745
20
20
20
20
2745
20
20
20
20
2745
20
20
20
20
2834
20
20
5
5
2837
5
5
5
5
2745
20
20
20
20
2745
20
20
20
20
2745
20
20
20
20
2745
20
20
20
20
2745
20
20
20
20
2806
16
16
16
16
2809
16
16
16
16
2836
16
16
16
16
2745
20
20
20
20
2745
20
20
20
20
2745
20
20
20
20
2806
16
16
16
16
2809
16
16
16
16
2745
20
20
20
20
2745
20
20
20
20
2745
20
20
20
20
2745
20
20
20
20
2745
20
20
20
20
2745
20
20
20
20
2745
20
20
20
20
2745
20
20
20
20
2781
20
20
5
5
2784
5
5
5
5
2772
5
5
5
5
2775
5
5
5
5
2745
20
20
20
20
2745
20
20
20
20
2745
20
20
20
20
2834
20
20
5
5
2837
5
5
5
5
2745
20
20
20
20
2745
20
20
20
20
2745
20
20
20
20
2745
20
20
20
20
2836
16
16
16
16
2807
16
16
16
16
2810
16
16
16
16
2745
20
20
20
20
2745
20
20
20
20
2745
20
20
20
20
2745
20
20
20
20
2807
16
16
16
16
2810
16
16
16
16
2836
16
16
16
16
2745
20
20
20
20
2745
20
20
20
20
603
21
21
21
21
606
21
21
21
21
606
21
21
21
21
609
21
21
21
21
2745
20
20
20
20
2782
20
20
5
5
2785
5
5
5
5
2747
5
5
5
5
2758
5
5
20
20
2745
20
20
20
20
2745
20
20
20
20
2745
20
20
20
20
2834
20
20
5
5
2837
5
5
5
5
2836
16
16
16
16
2745
20
20
20
20
2745
20
20
20
20
2745
20
20
20
20
2745
20
20
20
20
2745
20
20
20
20
2745
20
20
20
20
2745
20
20
20
20
2745
20
20
20
20
2745
20
20
20
20
2745
20
20
20
20
2745
20
20
20
20
2745
20
20
20
20
2745
20
20
20
20
2745
20
20
20
20
2745
20
20
20
20
604
21
21
21
21
607
21
21
21
21
607
21
21
21
21
610
21
21
21
21
2745
20
20
20
20
2759
20
20
5
5
2755
5
5
5
5
2838
5
20
5
20
2840
5
20
20
20
2745
20
20
20
20
2745
20
20
20
20
2745
20
20
20
20
2834
20
20
5
5
2837
5
5
5
5
2745
20
20
20
20
2745
20
20
20
20
2745
20
20
20
20
2745
20
20
20
20
2745
20
20
20
20
2745
20
20
20
20
2745
20
20
20
20
2745
20
20
20
20
2745
20
20
20
20
2745
20
20
20
20
2745
20
20
20
20
2745
20
20
20
20
2745
20
20
20
20
2745
20
20
20
20
2745
20
20
20
20
2745
20
20
20
20
604
21
21
21
21
607
21
21
21
21
607
21
21
21
21
610
21
21
21
21
2745
20
20
20
20
2799
20
20
5
20
2801
5
20
5
20
2839
20
5
20
5
2841
20
5
20
20
2745
20
20
20
20
2745
20
20
20
20
2745
20
20
20
20
2834
20
20
5
5
2837
5
5
5
5
2745
20
20
20
20
2745
20
20
20
20
2745
20
20
20
20
2745
20
20
20
20
2745
20
20
20
20
2745
20
20
20
20
2745
20
20
20
20
2745
20
20
20
20
2745
20
20
20
20
2745
20
20
20
20
2745
20
20
20
20
2745
20
20
20
20
2745
20
20
20
20
2745
20
20
20
20
2745
20
20
20
20
2745
20
20
20
20
604
21
21
21
21
607
21
21
21
21
607
21
21
21
21
610
21
21
21
21
2745
20
20
20
20
2800
20
20
20
5
2802
20
5
20
5
2747
5
5
5
5
2758
5
5
20
20
2745
20
20
20
20
2745
20
20
20
20
2745
20
20
20
20
2834
20
20
5
5
2837
5
5
5
5
2745
20
20
20
20
2745
20
20
20
20
2745
20
20
20
20
2745
20
20
20
20
2745
20
20
20
20
2745
20
20
20
20
2745
20
20
20
20
2745
20
20
20
20
2745
20
20
20
20
2745
20
20
20
20
2745
20
20
20
20
2745
20
20
20
20
2745
20
20
20
20
2745
20
20
20
20
2745
20
20
20
20
2745
20
20
20
20
604
21
21
21
21
607
21
21
21
21
607
21
21
21
21
610
21
21
21
21
2745
20
20
20
20
2759
20
20
5
5
2755
5
5
5
5
2747
5
5
5
5
2758
5
5
20
20
2745
20
20
20
20
2745
20
20
20
20
2745
20
20
20
20
2834
20
20
5
5
2837
5
5
5
5
2745
20
20
20
20
2745
20
20
20
20
2745
20
20
20
20
2745
20
20
20
20
2745
20
20
20
20
2805
16
16
16
16
2808
16
16
16
16
2745
20
20
20
20
2745
20
20
20
20
2745
20
20
20
20
2745
20
20
20
20
2805
16
16
16
16
2808
16
16
16
16
2836
16
16
16
16
2745
20
20
20
20
2745
20
20
20
20
605
21
21
21
21
608
21
21
21
21
608
21
21
21
21
611
21
21
21
21
2745
20
20
20
20
2780
20
20
5
5
2783
5
5
5
5
2747
5
5
5
5
2844
20
20
5
5
2828
5
5
5
5
2745
20
20
20
20
2745
20
20
20
20
2834
20
20
5
5
2837
5
5
5
5
2836
16
16
16
16
2745
20
20
20
20
2745
20
20
20
20
2745
20
20
20
20
2836
16
16
16
16
2806
16
16
16
16
2809
16
16
16
16
2745
20
20
20
20
2745
20
20
20
20
2745
20
20
20
20
2836
16
16
16
16
2806
16
16
16
16
2809
16
16
16
16
2745
20
20
20
20
2745
20
20
20
20
2745
20
20
20
20
2745
20
20
20
20
2745
20
20
20
20
2745
20
20
20
20
2745
20
20
20
20
2745
20
20
20
20
2781
20
20
5
5
2784
5
5
5
5
2747
5
5
5
5
2845
20
20
5
5
2829
5
5
5
5
2745
20
20
20
20
2745
20
20
20
20
2834
20
20
5
5
2837
5
5
5
5
2745
20
20
20
20
2745
20
20
20
20
2745
20
20
20
20
2745
20
20
20
20
2745
20
20
20
20
2807
16
16
16
16
2810
16
16
16
16
2745
20
20
20
20
2745
20
20
20
20
2745
20
20
20
20
2745
20
20
20
20
2807
16
16
16
16
2810
16
16
16
16
2745
20
20
20
20
2745
20
20
20
20
2745
20
20
20
20
2745
20
20
20
20
2745
20
20
20
20
2745
20
20
20
20
2745
20
20
20
20
2745
20
20
20
20
2782
20
20
5
5
2785
5
5
5
5
2747
5
5
5
5
2846
20
20
5
5
2830
5
5
5
5
2745
20
20
20
20
2745
20
20
20
20
2835
20
20
5
5
2832
5
5
5
5
2745
20
20
20
20
2745
20
20
20
20
2745
20
20
20
20
2745
20
20
20
20
2745
20
20
20
20
2745
20
20
20
20
2745
20
20
20
20
2745
20
20
20
20
2745
20
20
20
20
2745
20
20
20
20
2745
20
20
20
20
2745
20
20
20
20
2745
20
20
20
20
2745
20
20
20
20
2745
20
20
20
20
2745
20
20
20
20
2745
20
20
20
20
2745
20
20
20
20
2745
20
20
20
20
2745
20
20
20
20
2745
20
20
20
20
2759
20
20
5
5
2755
5
5
5
5
2747
5
5
5
5
2751
5
5
20
5
2761
20
5
20
5
2793
20
5
20
5
2795
20
5
20
5
2797
20
5
20
5
2761
20
5
20
5
2761
20
5
20
5
2761
20
5
20
5
2761
20
5
20
5
2793
20
5
20
5
2795
20
5
20
5
2797
20
5
20
5
2761
20
5
20
5
2761
20
5
20
5
2761
20
5
20
5
2761
20
5
20
5
2793
20
5
20
5
2795
20
5
20
5
2797
20
5
20
5
2761
20
5
20
5
2761
20
5
20
5
2761
20
5
20
5
2761
20
5
20
5
2793
20
5
20
5
2795
20
5
20
5
2797
20
5
20
5
2761
20
5
20
5
2756
20
5
5
5
2755
5
5
5
5
2750
5
5
5
5
2752
5
5
5
5
2752
5
5
5
5
2794
5
5
5
5
2796
5
5
5
5
2798
5
5
5
5
2752
5
5
5
5
2768
5
5
5
5
2769
5
5
5
5
2752
5
5
5
5
2794
5
5
5
5
2796
5
5
5
5
2798
5
5
5
5
2752
5
5
5
5
2768
5
5
5
5
2769
5
5
5
5
2752
5
5
5
5
2794
5
5
5
5
2796
5
5
5
5
2798
5
5
5
5
2752
5
5
5
5
2768
5
5
5
5
2769
5
5
5
5
2752
5
5
5
5
2794
5
5
5
5
2796
5
5
5
5
2798
5
5
5
5
2752
5
5
5
5
2752
5
5
5
5
2757
5
5
5
5
2792
5
5
5
5
2792
5
5
5
5
2792
5
5
5
5
2792
5
5
5
5
2792
5
5
5
5
2792
5
5
5
5
2792
5
5
5
5
2792
5
5
5
5
2792
5
5
5
5
2792
5
5
5
5
2792
5
5
5
5
2792
5
5
5
5
2792
5
5
5
5
2792
5
5
5
5
2792
5
5
5
5
2792
5
5
5
5
2792
5
5
5
5
2792
5
5
5
5
2792
5
5
5
5
2792
5
5
5
5
2792
5
5
5
5
2792
5
5
5
5
2792
5
5
5
5
2792
5
5
5
5
2792
5
5
5
5
2792
5
5
5
5
2792
5
5
5
5
2792
5
5
5
5
2792
5
5
5
5
2792
5
5
5
5
2792
5
5
5
5
2792
5
5
5
5
2792
5
5
5
5
2792
5
5
5
5
2792
5
5
5
5
2792
5
5
5
5
2792
5
5
5
5
2792
5
5
5
5
2792
5
5
5
5
2792
5
5
5
5
2792
5
5
5
5
2792
5
5
5
5
2792
5
5
5
5
2792
5
5
5
5
2792
5
5
5
5
2792
5
5
5
5
2792
5
5
5
5
2792
5
5
5
5
2792
5
5
5
5
2792
5
5
5
5
2792
5
5
5
5
2792
5
5
5
5
2792
5
5
5
5
2792
5
5
5
5
2792
5
5
5
5
2792
5
5
5
5
2792
5
5
5
5
2792
5
5
5
5
2792
5
5
5
5
2792
5
5
5
5
4
9
0
2842
9
29
2803
10
0
2843
10
29
2804
