320
240
29
2792
5
5
5
5
2792
5
5
5
5
2792
5
5
5
5
2792
5
5
5
5
2792
5
5
5
5
2792
5
5
5
5
2792
5
5
5
5
2792
5
5
5
5
2792
5
5
5
5
2792
5
5
5
5
2792
5
5
5
5
2792
5
5
5
5
2792
5
5
5
5
2792
5
5
5
5
2792
5
5
5
5
2792
5
5
5
5
2792
5
5
5
5
2792
5
5
5
5
2792
5
5
5
5
2792
5
5
5
5
2792
5
5
5
5
2792
5
5
5
5
2792
5
5
5
5
2792
5
5
5
5
2792
5
5
5
5
2792
5
5
5
5
2792
5
5
5
5
2792
5
5
5
5
2792
5
5
5
5
2792
5
5
5
5
2792
5
5
5
5
2792
5
5
5
5
2746
5
5
5
5
2748
5
5
5
5
2748
5
5
5
5
2766
5
5
5
5
2767
5
5
5
5
2748
5
5
5
5
2748
5
5
5
5
2748
5
5
5
5
2766
5
5
5
5
2767
5
5
5
5
2748
5
5
5
5
2748
5
5
5
5
2754
5
5
5
5
2792
5
5
5
5
2792
5
5
5
5
2747
5
5
5
5
2749
5
5
5
20
2760
5
20
5
20
2760
5
20
5
20
2760
5
20
5
20
2760
5
20
5
20
2760
5
20
5
20
2760
5
20
5
20
2760
5
20
5
20
2760
5
20
5
20
2760
5
20
5
20
2753
5
20
5
5
2755
5
5
5
5
2792
5
5
5
5
2792
5
5
5
5
2747
5
5
5
5
2758
5
5
20
20
1415
5
5
5
5
2745
20
20
20
20
2745
20
20
20
20
2745
20
20
20
20
2745
20
20
20
20
2825
20
20
5
5
2828
5
5
5
5
2745
20
20
20
20
2745
20
20
20
20
2759
20
20
5
5
2755
5
5
5
5
2792
5
5
5
5
2792
5
5
5
5
2770
5
5
5
5
2773
5
5
5
5
2745
20
20
20
20
2745
20
20
20
20
2745
20
20
20
20
2745
20
20
20
20
2745
20
20
20
20
2826
20
20
5
5
2829
5
5
5
5
2745
20
20
20
20
2745
20
20
20
20
2759
20
20
5
5
2764
5
5
5
5
2792
5
5
5
5
2792
5
5
5
5
2771
5
5
5
5
2774
5
5
5
5
2745
20
20
20
20
2745
20
20
20
20
2745
20
20
20
20
2745
20
20
20
20
2745
20
20
20
20
2827
20
20
5
5
2830
5
5
5
5
2745
20
20
20
20
2745
20
20
20
20
2759
20
20
5
5
2765
5
5
5
5
2792
5
5
5
5
2792
5
5
5
5
2772
5
5
5
5
2775
5
5
5
5
2745
20
20
20
20
2745
20
20
20
20
2745
20
20
20
20
2745
20
20
20
20
2745
20
20
20
20
2745
20
20
20
20
2745
20
20
20
20
2745
20
20
20
20
2745
20
20
20
20
2759
20
20
5
5
2755
5
5
5
5
2792
5
5
5
5
2792
5
5
5
5
2747
5
5
5
5
2758
5
5
20
20
2745
20
20
20
20
2745
20
20
20
20
2745
20
20
20
20
2745
20
20
20
20
2745
20
20
20
20
2745
20
20
20
20
2745
20
20
20
20
2745
20
20
20
20
1415
5
5
5
5
2759
20
20
5
5
2755
5
5
5
5
2792
5
5
5
5
2792
5
5
5
5
2762
5
5
5
5
2758
5
5
20
20
2745
20
20
20
20
2745
20
20
20
20
2745
20
20
20
20
2745
20
20
20
20
2745
20
20
20
20
2745
20
20
20
20
2745
20
20
20
20
2745
20
20
20
20
2745
20
20
20
20
2799
20
20
5
20
2801
5
20
5
20
2792
5
5
5
5
2792
5
5
5
5
2763
5
5
5
5
2758
5
5
20
20
2745
20
20
20
20
2745
20
20
20
20
2745
20
20
20
20
2745
20
20
20
20
2745
20
20
20
20
2745
20
20
20
20
2745
20
20
20
20
2745
20
20
20
20
2745
20
20
20
20
2800
20
20
20
5
2802
20
5
20
5
2792
5
5
5
5
2792
5
5
5
5
2747
5
5
5
5
2758
5
5
20
20
2745
20
20
20
20
2745
20
20
20
20
2745
20
20
20
20
2745
20
20
20
20
2745
20
20
20
20
2745
20
20
20
20
2745
20
20
20
20
2745
20
20
20
20
1415
5
5
5
5
2759
20
20
5
5
2755
5
5
5
5
2792
5
5
5
5
2792
5
5
5
5
2770
5
5
5
5
2773
5
5
5
5
2745
20
20
20
20
2745
20
20
20
20
2745
20
20
20
20
2745
20
20
20
20
2745
20
20
20
20
2745
20
20
20
20
2745
20
20
20
20
2745
20
20
20
20
2745
20
20
20
20
2759
20
20
5
5
2755
5
5
5
5
2792
5
5
5
5
2792
5
5
5
5
2771
5
5
5
5
2774
5
5
5
5
2745
20
20
20
20
2745
20
20
20
20
2745
20
20
20
20
2745
20
20
20
20
2745
20
20
20
20
2825
20
20
5
5
2828
5
5
5
5
2745
20
20
20
20
2745
20
20
20
20
2759
20
20
5
5
2764
5
5
5
5
2792
5
5
5
5
2792
5
5
5
5
2772
5
5
5
5
2775
5
5
5
5
2745
20
20
20
20
2745
20
20
20
20
2745
20
20
20
20
2745
20
20
20
20
2745
20
20
20
20
2826
20
20
5
5
2829
5
5
5
5
2745
20
20
20
20
2745
20
20
20
20
2759
20
20
5
5
2765
5
5
5
5
2792
5
5
5
5
2792
5
5
5
5
2747
5
5
5
5
2758
5
5
20
20
1415
5
5
5
5
2745
20
20
20
20
2745
20
20
20
20
2745
20
20
20
20
2745
20
20
20
20
2827
20
20
5
5
2830
5
5
5
5
2745
20
20
20
20
2745
20
20
20
20
2759
20
20
5
5
2755
5
5
5
5
2792
5
5
5
5
2792
5
5
5
5
2747
5
5
5
5
2751
5
5
20
5
2761
20
5
20
5
2761
20
5
20
5
2761
20
5
20
5
2761
20
5
20
5
2761
20
5
20
5
2761
20
5
20
5
2761
20
5
20
5
2761
20
5
20
5
2761
20
5
20
5
2756
20
5
5
5
2755
5
5
5
5
2792
5
5
5
5
2792
5
5
5
5
2750
5
5
5
5
2752
5
5
5
5
2752
5
5
5
5
2768
5
5
5
5
2769
5
5
5
5
2752
5
5
5
5
2752
5
5
5
5
2752
5
5
5
5
2768
5
5
5
5
2769
5
5
5
5
2752
5
5
5
5
2752
5
5
5
5
2757
5
5
5
5
2792
5
5
5
5
2792
5
5
5
5
2792
5
5
5
5
2792
5
5
5
5
2792
5
5
5
5
2792
5
5
5
5
2792
5
5
5
5
2792
5
5
5
5
2792
5
5
5
5
2792
5
5
5
5
2792
5
5
5
5
2792
5
5
5
5
2792
5
5
5
5
2792
5
5
5
5
2792
5
5
5
5
2792
5
5
5
5
2792
5
5
5
5
2792
5
5
5
5
2792
5
5
5
5
2792
5
5
5
5
2792
5
5
5
5
2792
5
5
5
5
2792
5
5
5
5
2792
5
5
5
5
2792
5
5
5
5
2792
5
5
5
5
2792
5
5
5
5
2792
5
5
5
5
2792
5
5
5
5
2792
5
5
5
5
2
9
14
2803
10
14
2804
