320
240
26
2792
5
5
5
5
2792
5
5
5
5
2792
5
5
5
5
2792
5
5
5
5
2792
5
5
5
5
2792
5
5
5
5
2792
5
5
5
5
2792
5
5
5
5
2792
5
5
5
5
2792
5
5
5
5
2792
5
5
5
5
2792
5
5
5
5
2792
5
5
5
5
2792
5
5
5
5
2792
5
5
5
5
2792
5
5
5
5
2792
5
5
5
5
2792
5
5
5
5
2792
5
5
5
5
2792
5
5
5
5
2792
5
5
5
5
2792
5
5
5
5
2792
5
5
5
5
2792
5
5
5
5
2792
5
5
5
5
2792
5
5
5
5
2792
5
5
5
5
2792
5
5
5
5
2792
5
5
5
5
2792
5
5
5
5
2792
5
5
5
5
2792
5
5
5
5
2746
5
5
5
5
2748
5
5
5
5
2748
5
5
5
5
2748
5
5
5
5
2748
5
5
5
5
2748
5
5
5
5
2748
5
5
5
5
2748
5
5
5
5
2748
5
5
5
5
2748
5
5
5
5
2748
5
5
5
5
2748
5
5
5
5
2754
5
5
5
5
2792
5
5
5
5
2792
5
5
5
5
2747
5
5
5
5
2749
5
5
5
20
2760
5
20
5
20
2760
5
20
5
20
2760
5
20
5
20
2760
5
20
5
20
2760
5
20
5
20
2760
5
20
5
20
2760
5
20
5
20
2760
5
20
5
20
2760
5
20
5
20
2753
5
20
5
5
2755
5
5
5
5
2792
5
5
5
5
2792
5
5
5
5
2747
5
5
5
5
2758
5
5
20
20
1415
5
5
5
5
2745
20
20
20
20
2745
20
20
20
20
2745
20
20
20
20
2745
20
20
20
20
2833
20
20
5
5
2831
5
5
5
5
2745
20
20
20
20
2745
20
20
20
20
2759
20
20
5
5
2755
5
5
5
5
2792
5
5
5
5
2792
5
5
5
5
2819
5
5
5
5
2822
5
5
5
5
2745
20
20
20
20
2745
20
20
20
20
2745
20
20
20
20
2745
20
20
20
20
2745
20
20
20
20
2834
20
20
5
5
2837
5
5
5
5
2745
20
20
20
20
2745
20
20
20
20
2780
20
20
5
5
2783
5
5
5
5
2792
5
5
5
5
2792
5
5
5
5
2820
5
5
5
5
2823
5
5
5
5
2745
20
20
20
20
2745
20
20
20
20
2745
20
20
20
20
2745
20
20
20
20
2745
20
20
20
20
2834
20
20
5
5
2837
5
5
5
5
2745
20
20
20
20
2745
20
20
20
20
2781
20
20
5
5
2784
5
5
5
5
2792
5
5
5
5
2792
5
5
5
5
2821
5
5
5
5
2824
5
5
5
5
2745
20
20
20
20
2745
20
20
20
20
2745
20
20
20
20
2745
20
20
20
20
2745
20
20
20
20
2834
20
20
5
5
2837
5
5
5
5
2745
20
20
20
20
2745
20
20
20
20
2782
20
20
5
5
2785
5
5
5
5
2792
5
5
5
5
2792
5
5
5
5
2747
5
5
5
5
2758
5
5
20
20
2745
20
20
20
20
2745
20
20
20
20
2745
20
20
20
20
2745
20
20
20
20
2745
20
20
20
20
2835
20
20
5
5
2832
5
5
5
5
2745
20
20
20
20
2745
20
20
20
20
2759
20
20
5
5
2755
5
5
5
5
2792
5
5
5
5
2792
5
5
5
5
2762
5
5
5
5
2758
5
5
20
20
2745
20
20
20
20
2745
20
20
20
20
2745
20
20
20
20
2745
20
20
20
20
2745
20
20
20
20
2745
20
20
20
20
2745
20
20
20
20
2745
20
20
20
20
2745
20
20
20
20
2799
20
20
5
20
2801
5
20
5
20
2792
5
5
5
5
2792
5
5
5
5
2763
5
5
5
5
2758
5
5
20
20
2745
20
20
20
20
2745
20
20
20
20
2745
20
20
20
20
2745
20
20
20
20
2745
20
20
20
20
2745
20
20
20
20
2745
20
20
20
20
2745
20
20
20
20
2745
20
20
20
20
2800
20
20
20
5
2802
20
5
20
5
2792
5
5
5
5
2792
5
5
5
5
2747
5
5
5
5
2758
5
5
20
20
2745
20
20
20
20
2745
20
20
20
20
2745
20
20
20
20
2745
20
20
20
20
2745
20
20
20
20
2833
20
20
5
5
2831
5
5
5
5
2745
20
20
20
20
2745
20
20
20
20
2759
20
20
5
5
2755
5
5
5
5
2792
5
5
5
5
2792
5
5
5
5
2819
5
5
5
5
2822
5
5
5
5
2745
20
20
20
20
2745
20
20
20
20
2745
20
20
20
20
2745
20
20
20
20
2745
20
20
20
20
2834
20
20
5
5
2837
5
5
5
5
2745
20
20
20
20
2745
20
20
20
20
2780
20
20
5
5
2783
5
5
5
5
2792
5
5
5
5
2792
5
5
5
5
2820
5
5
5
5
2823
5
5
5
5
2745
20
20
20
20
2745
20
20
20
20
2745
20
20
20
20
2745
20
20
20
20
2745
20
20
20
20
2834
20
20
5
5
2837
5
5
5
5
2745
20
20
20
20
2745
20
20
20
20
2781
20
20
5
5
2784
5
5
5
5
2792
5
5
5
5
2792
5
5
5
5
2821
5
5
5
5
2824
5
5
5
5
2745
20
20
20
20
2745
20
20
20
20
2745
20
20
20
20
2745
20
20
20
20
2745
20
20
20
20
2834
20
20
5
5
2837
5
5
5
5
2745
20
20
20
20
2745
20
20
20
20
2782
20
20
5
5
2785
5
5
5
5
2792
5
5
5
5
2792
5
5
5
5
2747
5
5
5
5
2758
5
5
20
20
1415
5
5
5
5
2745
20
20
20
20
2745
20
20
20
20
2745
20
20
20
20
2745
20
20
20
20
2835
20
20
5
5
2832
5
5
5
5
2745
20
20
20
20
2745
20
20
20
20
2759
20
20
5
5
2755
5
5
5
5
2792
5
5
5
5
2792
5
5
5
5
2747
5
5
5
5
2751
5
5
20
5
2761
20
5
20
5
2761
20
5
20
5
2761
20
5
20
5
2761
20
5
20
5
2761
20
5
20
5
2761
20
5
20
5
2761
20
5
20
5
2761
20
5
20
5
2761
20
5
20
5
2756
20
5
5
5
2755
5
5
5
5
2792
5
5
5
5
2792
5
5
5
5
2750
5
5
5
5
2752
5
5
5
5
2752
5
5
5
5
2752
5
5
5
5
2752
5
5
5
5
2752
5
5
5
5
2752
5
5
5
5
2752
5
5
5
5
2752
5
5
5
5
2752
5
5
5
5
2752
5
5
5
5
2752
5
5
5
5
2757
5
5
5
5
2792
5
5
5
5
2792
5
5
5
5
2792
5
5
5
5
2792
5
5
5
5
2792
5
5
5
5
2792
5
5
5
5
2792
5
5
5
5
2792
5
5
5
5
2792
5
5
5
5
2792
5
5
5
5
2792
5
5
5
5
2792
5
5
5
5
2792
5
5
5
5
2792
5
5
5
5
2792
5
5
5
5
2792
5
5
5
5
2792
5
5
5
5
2792
5
5
5
5
2792
5
5
5
5
2792
5
5
5
5
2792
5
5
5
5
2792
5
5
5
5
2792
5
5
5
5
2792
5
5
5
5
2792
5
5
5
5
2792
5
5
5
5
2792
5
5
5
5
2792
5
5
5
5
2792
5
5
5
5
2792
5
5
5
5
2
9
14
2803
10
14
2804
